39 25 37.9386 25.6434
39.9945 25.1048 39.3682 24.6534
40.9714 25.3184 40.7945 24.962
41.9171 25.6434 41.8181 25.2044
42.8165 26.0807 42.6343 25.5205
43.6528 26.6289 43.5994 26.3002
44.4084 27.2839 44.4771 26.5202
45.0647 28.0384 45.3703 27.3192
45.6028 28.8813 45.6822 28.1135
46.0041 29.7972 46.2081 29.0389
46.2517 30.7661 46.5767 30.2138
46.3307 31.763 47.0214 30.7692
46.2303 32.7579 46.7716 31.7936
45.9453 33.7164 46.368 32.8019
45.4772 34.6001 45.7824 34.0038
44.8369 35.3682 44.9317 34.8902
44.0454 35.9794 44.2967 35.5181
43.1358 36.3948 43.3517 36.0547
42.1533 36.5814 42.1639 36.3447
41.1554 36.5164 40.8404 36.3569
40.2095 36.1921 40.0828 36.1641
39.3892 35.6201 39.2588 35.5833
38.7688 34.8358 38.7735 34.8244
38.4144 33.9007 38.3957 34.0755
38.3748 32.9015 38.3277 32.9255
38.6693 31.9459 38.6315 32.2253
39.2781 31.1525 38.7739 31.4071
40.1343 30.6359 39.6983 30.9109
41.1229 30.4855 40.7253 31.133
42.0891 30.7433 41.8769 31.2555
