393
393
393
377
377
377
355
355
355
355
341
341
341
341
318
318
318
318
287
287
287
287
270
270
270
270
270
241
241
241
241
241
208
208
208
187
187
187
119
119
119
87
87
87
52
52
31
0
0
0
0
0
0
0
0
0
0
0
0
0
0
0
0
0
0
0
0
0
0
0
0
0
0
0
0
0
0
0
0
0
0
0
0
0
0
0
0
0
0
0
0
0
0
0
0
0
0
0
0
0
0
0
0
0
0
0
0
0
0
0
0
0
0
3
11
11
11
24
44
63
63
63
63
81
111
111
111
111
136
136
136
155
155
155
155
155
183
183
208
208
208
224
224
245
245
270
270
293
309
309
309
334
334
363
363
363
381
381
414
414
414
414
445
445
467
467
467
509
509
509
509
532
532
567
567
567
599
599
617
617
617
617
647
672
672
672
686
686
686
703
703
726
726
726
726
745
745
758
758
758
770
788
788
809
809
809
827
827
827
840
840
853
870
870
870
886
886
886
886
898
898
898
898
908
917
917
917
921
921
921
921
922
922
922
922
922
922
922
922
922
922
922
922
922
922
922
922
921
921
921
911
911
911
911
911
904
904
904
896
896
896
888
888
881
871
871
871
844
844
844
829
816
816
793
793
765
747
747
747
719
719
690
690
690
690
672
672
647
647
647
647
617
617
617
596
596
596
596
573
573
542
542
519
519
491
491
491
457
457
457
457
408
408
408
378
363
363
344
344
344
324
324
324
304
304
304
278
278
278
262
247
234
234
221
208
208
198
191
191
175
175
175
170
167
167
167
167
167
167
167
167
167
167
167
167
167
167
167
167
167
167
167
167
167
167
167
167
167
167
167
167
167
167
175
175
175
175
175
175
183
183
183
183
183
193
193
193
193
203
203
203
203
214
214
214
214
226
226
226
239
239
239
239
255
255
255
255
272
272
272
272
291
291
291
291
308
308
308
308
332
332
332
332
363
363
363
363
383
383
383
383
414
414
414
444
444
444
444
463
463
463
498
498
498
526
526
545
545
545
578
601
601
601
617
617
617
647
647
675
675
675
675
691
721
721
721
721
749
749
763
763
763
763
763
788
788
816
832
832
832
858
858
858
873
873
888
888
888
888
888
901
901
911
911
911
911
911
919
919
926
926
926
926
930
930
930
930
935
935
935
937
937
937
937
940
940
940
944
944
944
944
944
944
944
945
945
945
945
945
945
945
945
945
945
945
945
945
945
945
945
945
945
945
945
945
945
945
945
945
944
944
935
935
935
935
935
926
926
926
912
912
912
912
901
901
901
893
893
883
883
883
883
870
870
855
855
855
855
855
837
837
822
822
822
822
799
799
775
775
775
775
753
753
753
753
735
735
735
708
708
708
708
681
681
681
667
667
667
667
640
640
612
612
612
612
594
594
594
594
570
570
570
542
542
542
542
521
521
496
496
496
496
468
468
447
447
447
447
447
432
432
408
408
408
408
385
385
385
368
368
368
368
355
355
355
355
337
337
337
317
317
317
317
299
299
281
281
281
281
265
265
250
250
250
250
232
232
232
217
217
217
208
208
208
208
199
193
193
193
193
188
188
188
185
185
185
185
181
181
180
180
180
180
180
180
180
180
180
180
180
180
180
180
180
180
180
180
180
180
180
180
180
180
180
180
180
180
180
180
180
188
188
188
188
198
198
209
209
209
209
222
222
234
234
234
234
247
247
263
263
263
263
281
281
281
296
296
296
309
309
309
309
327
327
345
345
345
362
362
362
376
376
376
376
376
391
411
411
411
411
411
434
434
434
450
450
450
468
468
468
468
493
521
521
537
537
565
565
593
593
609
632
632
632
632
657
657
657
678
678
678
678
691
691
691
711
711
711
711
711
734
734
752
752
752
752
752
765
765
780
780
780
780
801
801
801
801
821
821
821
835
835
835
835
847
847
847
860
860
860
860
875
875
888
901
901
901
914
924
924
930
935
935
935
939
939
939
940
940
940
940
940
940
940
940
940
940
940
940
937
926
926
911
911
898
888
888
888
873
857
857
857
817
817
817
791
760
760
740
740
708
708
678
678
655
626
626
601
581
581
553
553
527
509
509
509
483
483
483
457
457
457
457
422
422
422
380
380
380
367
367
367
354
354
354
337
337
321
304
304
290
278
278
278
250
250
250
237
237
226
226
226
214
214
206
206
206
199
199
199
193
193
188
188
188
183
183
178
178
178
175
175
173
173
173
172
172
170
170
170
170
170
170
170
170
170
170
170
170
170
170
170
170
170
170
170
170
170
170
170
170
170
170
173
173
173
173
181
181
181
181
190
190
190
190
199
199
199
208
208
208
208
217
217
217
217
229
229
229
229
238
238
238
238
249
249
249
249
260
260
260
260
270
270
270
270
286
286
286
286
300
300
300
300
316
316
316
316
332
332
332
332
354
354
354
354
372
372
372
372
391
391
391
413
413
413
413
437
437
437
452
452
452
473
473
473
498
519
519
537
537
562
562
562
586
586
603
603
603
603
624
624
624
647
647
647
670
670
670
670
685
685
706
706
706
706
727
727
744
744
744
744
757
757
768
768
768
768
783
783
783
783
798
798
798
813
813
813
813
827
837
837
837
837
844
844
852
857
857
857
863
872
872
880
886
886
891
891
891
891
898
898
898
901
901
901
901
901
901
901
901
901
901
901
901
901
901
901
899
890
890
890
883
883
876
876
876
867
867
867
855
855
844
844
844
844
826
813
813
813
813
793
793
763
763
744
744
744
721
691
691
691
691
668
649
649
649
619
619
596
596
596
580
580
554
554
554
526
526
511
511
483
483
483
483
454
437
437
437
416
390
390
390
390
368
368
355
355
334
334
334
313
313
295
295
295
295
280
280
280
280
263
263
263
247
247
229
213
213
200
200
188
188
188
178
178
178
167
167
167
159
152
152
145
145
141
141
137
137
137
137
137
137
137
137
137
137
137
137
137
137
137
137
137
137
137
137
137
137
137
137
145
145
145
145
154
154
154
162
162
162
162
170
170
170
178
178
178
178
188
188
188
198
198
198
198
208
208
208
219
219
219
219
231
231
231
244
244
244
244
257
257
257
257
272
272
272
286
286
286
286
303
303
303
321
321
321
321
340
340
340
360
360
360
360
375
375
375
396
396
396
396
416
416
416
439
439
439
454
454
454
454
475
475
475
499
499
521
521
521
540
568
568
568
593
593
593
613
613
637
637
637
662
678
678
678
678
696
696
714
714
714
714
735
735
750
750
750
750
763
763
763
778
778
794
794
794
794
811
811
811
829
829
829
840
840
849
858
858
858
868
868
868
868
876
876
876
890
890
890
894
894
898
898
898
898
901
901
901
904
904
904
904
904
906
906
906
906
906
906
906
906
906
906
906
906
906
906
906
906
906
906
906
906
906
906
906
906
906
906
906
906
903
903
903
903
903
893
893
893
885
885
885
885
885
875
875
875
875
863
863
863
847
847
847
847
831
817
817
798
798
770
749
749
749
729
729
729
696
696
696
696
672
650
650
622
598
583
583
583
560
560
536
536
536
518
518
501
501
501
501
477
477
450
450
450
450
434
434
413
413
413
383
383
365
365
365
349
349
349
321
321
296
296
296
296
280
257
257
257
257
234
234
213
213
213
213
195
195
173
173
173
152
152
152
152
132
132
132
116
116
116
116
103
103
103
86
86
86
72
72
59
59
49
49
49
42
42
42
36
36
36
32
31
31
31
31
31
31
31
31
31
31
31
31
31
31
31
39
49
49
57
57
67
75
75
75
83
83
83
83
93
93
93
104
116
116
131
131
131
144
144
144
159
159
175
175
193
193
213
231
231
231
280
280
280
280
298
298
298
322
322
322
347
347
372
396
396
396
396
424
424
445
445
445
468
468
468
496
496
496
519
519
539
539
563
563
591
606
606
631
658
658
658
675
696
696
721
721
744
758
758
758
798
798
798
819
819
819
834
834
834
845
855
855
863
863
872
876
876
876
878
880
880
880
880
880
880
880
880
880
880
880
878
872
872
872
854
854
854
842
842
827
817
817
817
806
806
806
806
791
791
773
754
754
754
722
722
722
695
695
673
673
655
655
626
626
599
599
581
554
554
554
509
509
509
486
458
458
440
440
427
403
403
403
380
362
362
362
326
326
326
303
303
303
288
288
288
275
275
259
239
239
239
208
208
208
195
185
185
173
173
162
162
152
152
152
144
144
144
136
136
136
127
122
122
122
122
119
119
119
119
116
116
116
116
116
116
116
116
116
116
116
116
116
116
116
116
116
116
116
116
116
116
116
116
116
118
118
118
118
126
126
126
136
136
136
136
145
145
145
145
155
155
155
155
165
165
165
165
178
178
178
178
191
191
191
206
206
206
206
221
221
221
221
237
237
237
259
259
259
259
283
283
283
306
306
306
306
331
331
331
360
360
360
360
385
385
385
413
413
413
440
440
440
465
465
465
496
496
496
521
521
545
545
575
575
598
598
598
598
619
619
619
619
644
644
644
668
668
668
668
668
686
686
709
709
709
709
732
732
732
750
750
750
750
750
765
765
786