498
498
498
498
498
526
526
526
522
497
466
419
369
316
283
257
238
225
205
191
184
179
179
179
183
208
244
282
321
364
457
571
618
652
687
706
707
690
659
608
512
291
222
165
133
121
117
117
117
118
122
133
151
174
206
246
313
414
508
579
626
651
639
531
331
192
123
56
17
7
7
18
83
148
267
340
402
436
464
490
509
531
549
560
560
549
523
490
466
449
424
403
383
362
338
319
301
280
264
247
235
221
214
206
198
194
194
194
204
225
261
333
391
444
494
542
582
623
649
677
699
723
731
733
733
733
728
707
685
661
628
583
508
400
322
270
233
227
227
227
238
252
270
291
318
372
405
443
477
513
546
577
606
628
647
665
673
677
677
673
656
640
620
588
544
454
375
304
273
244
227
223
248
290
349
407
456
507
550
597
620
642
658
676
688
696
701
701
701
698
682
667
648
625
579
535
447
373
333
297
290
312
342
376
418
462
496
529
558
584
611
627
643
655
673
682
690
696
697
697
697
690
673
659
633
598
557
483
400
344
312
287
281
280
280
280
280
286
297
314
335
366
393
422
449
475
501
529
554
580
605
620
633
643
649
657
664
664
664
664
660
655
645
633
614
598
565
477
357
261
223
201
194
194
194
194
194
194
196
200
207
214
230
268
322
377
440
504
552
608
642
667
688
703
716
718
718
717
705
690
675
649
614
559
429
331
274
232
217
217
220
229
245
265
294
329
368
418
465
516
555
603
635
659
675
680
680
659
651
631
601
554
500
403
350
312
288
286
286
286
286
292
300
312
328
356
402
448
509
569
635
677
710
733
752
757
759
751
735
710
687
666
633
608
583
552
517
499
488
483
469
460
455
449
437
432
427
426
447
526
607
633
658
683
709
734
762
773
775
775
775
766
750
732
718
693
659
616
524
435