58
 58
 58
 58
 58
 58
 58
 58
 58
 58
 58
 58
 58
 58
 58
 58
 58
 58
 58
 58
 58
 58
 58
 58
 58
 58
 58
 58
 58
 58
 58
 58
 58
 58
 58
 58
 58
 58
 58
 58
 58
 60
 60
 60
 64
 64
 64
 64
 70
 70
 70
 76
 76
 76
 83
 83
 83
 83
 91
 91
 91
 100
 100
 100
 110
 110
 110
 110
 119
 119
 119
 131
 147
 147
 147
 164
 164
 164
 177
 177
 177
 177
 193
 193
 193
 193
 213
 213
 213
 213
 213
 232
 232
 232
 265
 265
 265
 265
 265
 284
 284
 284
 284
 304
 304
 304
 318
 318
 330
 344
 344
 344
 363
 363
 363
 363
 381
 381
 395
 395
 407
 407
 407
 426
 444
 444
 444
 444
 461
 461
461
 461
 474
 474
 474
 474
 486
 486
 502
 520
 520
 520
 534
 534
 534
 534
 544
 544
 544
 557
 557
 557
 576
 576
 576
 576
 593
 593
 607
 607
 607
 607
 618
 618
 636
 636
 659
 659
 659
 691
 691
 714
 738
 738
 738
 752
 761
 761
 761
 770
 770
 778
 778
 778
 783
 783
 783
 783
 788
 788
 788
 788
 789
 789
 789
 789
 790
 791
 791
 791
 791
 791
 791
 791
 795
 799
 799
 799
 799
 801
 801
 803
 803
 803
 805
 805
 806
 806
 806
 807
 807
 807
 808
 808
 808
 808
 808
 808
 809
 809
 809
 809
 810
 811
 811
 811
 811
 811
 811
 811
 811
 811
 811
 811
 811
 811
 811
 811
811
 811
 811
 812
 813
 813
 813
 813
 813
 813
 814
 815
 815
 815
 816
 818
 818
 818
 820
 820
 821
 822
 822
 823
 823
 823
 823
 823
 823
 823
 823
 823
 823
 823
 823
 823
 823
 823
 823
 823
 823
 823
 823
 823
 823
 823
 823
 823
 823
 823
 823
 821
 821
 821
 819
 819
 819
 817
 817
 816
 816
 814
 814
 812
 812
 808
 808
 808
 803
 803
 803
 798
 798
 798
 794
 792
 792
 789
 789
 784
 784
 784
 781
 781
 781
 781
 776
 776
 776
 763
 763
 763
 758
 753
 753
 749
 749
 747
 743
 743
 743
 739
 739
 739
 734
 734
 728
 722
 722
 722
 717
 713
 713
 709
 709
 706
 704
 704
704
 697
 697
 691
 691
 691
 685
 685
 685
 680
 680
 674
 671
 671
 671
 671
 668
 668
 668
 665
 665
 665
 665
 663
 663
 663
 660
 660
 660
 658
 658
 658
 658
 655
 655
 655
 652
 652
 652
 649
 649
 649
 645
 645
 645
 645
 640
 640
 640
 637
 637
 637
 637
 634
 634
 634
 632
 632
 632
 630
 630
 630
 630
 629
 629
 629
 628
 628
 628
 627
 627
 627
 625
 625
 625
 625
 624
 624
 624
 623
 623
 623
 623
 623
 623
 623
 622
 622
 622
 622
 622
 622
 621
 621
 621
 620
 620
 620
 619
 619
 619
 619
 618
 618
 618
 618
 618
 618
 617
 617
 617
 615
 615
 615
 615
 615
 615
 615
614
 614
 614
 614
 613
 613
 613
 612
 612
 612
 612
 610
 610
 610
 610
 610
 610
 609
 609
 609
 609
 607
 607
 607
 606
 606
 606
 605
 605
 605
 605
 605
 605
 605
 605
 605
 605
 605
 605
 605
 605
 605
 605
 605
 605
 605
 605
 605
 605
 605
 605
 605
 605
 605
 605
 605
 605
 605
 605
 605
 605
 605
 605
 605
 605
 605
 605
 605
 605
 605
 605
 605
 605
 605
 605
 605
 605
 605
 605
 605
 605
 605
 605
 605
 605
 605
 605
 605
 605
 605
 605
 605
 605
 605
 605
 605
 605
 605
 605
 605
 605
 605
 605
 605
 605
 605
 605
 605
 605
 605
 605
 605
 605
 605
 605
 605
 605
 605
605
 605
 605
 605
 605
 605
 605
 605
 605
 605
 605
 605
 605
 605
 605
 605
 605
 605
 605
 605
 605
 605
 605
 605
 604
 604
 604
 604
 604
 604
 604
 603
 603
 603
 603
 602
 602
 602
 602
 602
 602
 602
 602
 601
 601
 601
 601
 601
 601
 601
 601
 601
 601
 601
 601
 601
 601
 601
 601
 601
 601
 601
 601
 601
 601
 601
 601
 601
 601
 601
 601
 601
 601
 601
 601
 601
 601
 601
 601
 601
 601
 601
 601
 601
 601
 601
 601
 601
 601
 601
 601
 601
 601
 601
 601
 601
 601
 601
 601
 601
 601
 601
 601
 601
 601
 601
 601
 601
 601
 601
 601
 601
 601
 601
 601
 601
 601
 601
601
 601
 601
 601
 601
 601
 601
 601
 601
 601
 601
 601
 601
 601
 601
 601
 601
 601
 601
 601
 601
 601
 601
 601
 601
 601
 601
 601
 601
 601
 601
 601
 601
 601
 601
 601
 601
 601
 601
 601
 601
 601
 601
 601
 601
 601
 601
 601
 601
 601
 601
 601
 601
 601
 601
 601
 601
 601
 601
 601
 601
 601
 601
 601
 601
 601
 601
 601
 601
 601
 601
 601
 601
 601
 601
 601
 601
 601
 601
 601
 601
 601
 601
 601
 601
 601
 601
 601
 601
 601
 601
 601
 601
 601
 601
 601
 601
 601
 601
 601
 601
 601
 601
 601
 601
 601
 601
 601
 602
 602
 602
 602
 602
 602
 602
 603
 603
 603
604
 604
 604
 604
 604
 604
 604
 605
 605
 605
 605
 605
 605
 605
 605
 605
 605
 605
 605
 605
 605
 605
 605
 605
 605
 605
 605
 605
 605
 606
 606
 606
 606
 606
 606
 606
 607
 607
 607
 607
 607
 607
 607
 607
 608
 608
 608
 609
 609
 609
 609
 609
 609
 609
 610
 610
 610
 610
 610
 610
 610
 611
 611
 611
 611
 612
 612
 612
 612
 612
 612
 612
 612
 613
 613
 613
 613
 613
 613
 613
 614
 614
 614
 614
 615
 615
 615
 618
 618
 618
 618
 622
 622
 622
 626
 626
 626
 626
 632
 632
 632
 632
 637
 637
 637
 641
 641
 641
 641
 645
 645
 645
 648
 648
 648
 648
 652
 652
652
 652
 654
 654
 654
 654
 655
 655
 655
 656
 656
 656
 656
 656
 656
 656
 657
 657
 657
 657
 657
 657
 657
 657
 657
 657
 657
 657
 657
 657
 657
 657
 657
 657
 657
 657
 657
 657
 657
 657
 657
 657
 657
 657
 657
 657
 657
 657
 657
 657
 657
 657
 657
 657
 657
 657
 656
 656
 656
 656
 654
 654
 654
 650
 650
 650
 646
 646
 646
 637
 637
 637
 637
 627
 627
 627
 615
 615
 615
 615
 606
 606
 606
 606
 598
 598
 598
 589
 589
 589
 578
 578
 578
 566
 566
 566
 556
 556
 556
 556
 548
 548
 548
 548
 540
 540
 540
 534
 534
 534
 534
 526
 526
 526
 515
 515
 515
 515
502
 502
 502
 489
 489
 489
 478
 478
 478
 478
 470
 470
 470
 463
 463
 463
 463
 455
 455
 455
 455
 448
 448
 448
 441
 441
 441
 441
 432
 432
 432
 421
 421
 421
 421
 412
 412
 412
 403
 403
 403
 403
 397
 397
 388
 388
 388
 388
 378
 378
 369
 369
 369
 369
 369
 361
 361
 361
 361
 354
 354
 354
 354
 349
 345
 345
 341
 341
 341
 341
 337
 337
 337
 337
 335
 335
 335
 335
 334
 334
 334
 333
 333
 333
 333
 332
 332
 332
 332
 332
 332
 332
 332
 332
 332
 332
 332
 332
 332
 332
 331
 331
 331
 331
 331
 331
 331
 331
 331
 331
 331
 331
 331
 331
 331
 331
 331
 331
331
 331
 331
 331
 331
 331
 331
 331
 331
 331
 331
 331
 331
 331
 331
 331
 331
 331
 331
 331
 332
 332
 332
 332
 335
 335
 338
 341
 341
 345
 345
 345
 348
 348
 348
 348
 352
 352
 352
 356
 356
 356
 360
 367
 367
 367
 375
 375
 375
 382
 382
 382
 382
 389
 389
 394
 394
 399
 399
 399
 407
 407
 415
 415
 415
 425
 425
 432
 432
 432
 432
 438
 438
 443
 443
 449
 449
 449
 456
 465
 465
 465
 465
 474
 482
 482
 482
 482
 485
 491
 491
 491
 491
 496
 496
 501
 501
 501
 507
 507
 507
 519
 519
 519
 519
 524
 524
 529
 529
 529
 529
 533
 533
 533
 536
 536
 536
 536
540
 540
 543
 547
 547
 556
 556
 556
 556
 560
 560
 560
 564
 564
 564
 567
 567
 570
 572
 572
 574
 576
 576
 576
 578
 578
 578
 581
 581
 581
 585
 585
 589
 589
 592
 592
 592
 592
 596
 596
 596
 596
 598
 598
 598
 600
 600
 600
 600
 600
 602
 602
 602
 602
 604
 604
 604
 604
 606
 606
 606
 606
 608
 608
 608
 609
 609
 609
 610
 610
 610
 612
 612
 612
 614
 614
 614
 618
 618
 618
 620
 620
 620
 622
 622
 622
 622
 624
 624
 624
 626
 626
 626
 626
 629
 629
 629
 631
 631
 631
 631
 633
 633
 633
 633
 635
 635
 635
 635
 637
 637
 637
 638
 638
 638
 640
 640
 640
641
 641
 641
 641
 642
 642
 642
 642
 644
 644
 645
 646
 646
 646
 649
 649
 649
 649
 650
 650
 650
 651
 651
 651
 651
 653
 653
 653
 653
 654
 654
 654
 654
 655
 655
 655
 655
 655
 655
 655
 655
 656
 656
 656
 656
 656
 656
 656
 656
 656
 656
 656
 656
 656
 656
 656
 656
 656
 656
 656
 656
 656
 656
 656
 656
 656
 656
 656
 656
 656
 656
 656
 656
 656
 656
 656
 656
 656
 656
 656
 656
 656
 656
 656
 656
 656
 655
 655
 655
 655
 654
 654
 654
 654
 652
 652
 652
 652
 651
 651
 651
 649
 649
 649
 649
 648
 648
 648
 646
 646
 646
 643
 643
 643
 643
 641
 641
 641
636
 636
 636
 632
 632
 632
 632
 627
 627
 627
 622
 622
 622
 622
 618
 618
 614
 614
 614
 614
 610
 610
 610
 607
 607
 607
 604
 601
 601
 597
 597
 592
 592
 592
 592
 592
 587
 587
 587
 582
 582
 582
 577
 577
 577
 572
 567
 567
 567
 563
 559
 559
 559
 554
 554
 550
 550
 550
 550
 547
 547
 547
 542
 542
 542
 542
 536
 536
 536
 536
 530
 530
 530
 524
 524
 524
 524
 520
 520
 520
 515
 515
 515
 515
 511
 511
 508
 506
 506
 506
 499
 499
 499
 494
 489
 489
 484
 484
 479
 479
 479
 475
 475
 475
 471
 471
 471
 471
 468
 468
 468
 465
 465
 465
 465
 463
 463
 463
463
 457
 457
 455
 455
 451
 447
 447
 447
 442
 437
 437
 437
 434
 434
 434
 430
 430
 430
 430
 427
 423
 423
 423
 423
 420
 420
 418
 415
 415
 415
 411
 411
 411
 408
 408
 408
 402
 397
 397
 393
 393
 388
 388
 384
 384
 380
 377
 377
 372
 372
 372
 370
 367
 367
 364
 364
 359
 355
 355
 350
 350
 345
 345
 338
 338
 336
 333
 333
 331
 331
 328
 326
 326
 324
 322
 322
 322
 319
 319
 318
 317
 317
 317
 317
 317
 317
 317
 317
 317
 317
 317
 317
 317
 317
 317
 317
 317
 317
 317
 317
 317
 317
 317
 317
 317
 317
 317
 317
 317
 317
 317
 317
 317
 317
 317
 317
 317
317
 317
 317
 317
 317
 318
 320
 323
 323
 323
 331
 331
 337
 337
 340
 340
 344
 344
 348
 348
 351
 351
 357
 357
 357
 363
 363
 363
 367
 367
 367
 367
 371
 371
 374
 374
 374
 378
 378
 378
 383
 383
 383
 390
 390
 398
 404
 404
 404
 412
 412
 412
 416
 416
 419
 419
 419
 423
 423
 429
 429
 429
 435
 435
 441
 441
 441
 446
 446
 446
 451
 451
 455
 455
 455
 455
 460
 467
 467
 467
 467
 475
 484
 484
 484
 490
 490
 490
 495
 500
 500
 506
 513
 513
 522
 529
 529
 529
 536
 541
 545
 545
 545
 551
 555
 555
 555
 566
 566
 571
 571
 575
 580
 580
 584
 587
 587
 594
594
 594
 599
 599
 599
 599
 600
 600
 601
 601
 601
 601
 601
 601
 601
 601
 601
 601
 601
 601
 601
 601
 601
 601
 601
 601
 601
 601
 601
 601
 601
 601
 601
 601
 601
 601
 599
 599
 596
 596
 596
 592
 592
 592
 590
 587
 587
 584
 584
 582
 579
 579
 577
 575
 575
 572
 571
 571
 571
 569
 567
 567
 566
 564
 564
 561
 561
 561
 559
 559
 559
 555
 555
 555
 549
 549
 549
 546
 543
 543
 543
 539
 539
 539
 537
 537
 537
 533
 530
 526
 526
 521
 514
 514
 507
 501
 501
 501
 496
 492