279
279
279
279
279
279
264
231
211
195
183
170
159
149
136
129
118
106
97
85
75
64
48
40
39
38
38
41
55
70
94
126
177
229
259
283
305
333
351
366
377
385
386
386
386
380
372
362
353
345
335
318
300
277
254
226
196
167
140
121
100
86
68
41
23
10
3
1
1
1
14
34
53
90
176
271
329
365
395
415
434
449
462
463
439
385
323
272
242
216
194
170
149
130
111
96
78
61
40
21
14
12
11
11
11
14
32
44
59
72
120
150
171
191
217
242
262
286
306
322
339
357
368
371
373
373
373
359
343
320
300
285
267
251
232
214
201
186
173
160
147
136
121
112
107
102
97
91
90
90
90
92
98
111
130
151
183
221
257
284
304
323
339
354
365
380
389
395
399
399
399
399
391
373
355
335
308
287
272
251
238
218
201
183
163
148
135
120
106
96
83
73
60
45
41
40
40
51
65
85
115
168
231
288
333
372
389
405
420
432
442
442
442
442
441
435
430
424
410
398
383
372
354
341
321
309
289
279
259
237
224
202
188
172
161
144
133
118
111
103
94
89
84
83
83
90
95
100
109
123
137
153
170
183
203
222
241
263
279
298
313
328
339
358
371
387
403
417
424
432
439
442
442
443
443
442
434
427
416
404
392
375
363
344
322
309
288
269
254
234
220
203
195
183
172
163
149
136
123
112
106
101
96
94
94
94
96
102
118
135
156
181
204
230
263
294
324
351
376
399
427
445
458
472
484
490
499
503
504
504
499
486
465
436
417
391
369
348
327
305
279
254
233
209
191
182
168
157
151
141
128
119
109
104
102
102
107
115
125
136
148
163
180
202
229
256
283
306
323
345
361
380
393
406
416
428
436
438
438
438
430
421
402
388
366
340
308
272
235
215
195
181
166
153
139
125
114
105
93
81