-127
104
-123
-61
49
54
1
-157
203
-77
62
77
-17
-196
20
-162
-97
-204
51
-6
234
-4
90
-93
-185
162
14
79
25
9
54
54
-168
-12
-162
-132
214
-199
3
-117
-121
37
-8
69
-96
-50
-171
-150
-64
-1
-2
20
203
-2
-3
87
169
6
-103
-19
-151
193
-7
16
162
28
-122
6
49
-96
-164
-45
43
-199
68
68
50
104
-106
10
12
-74
186
210
29
182
-48
-5
-2
-54
-28
1
-135
14
18
-6
-23
-164
183
8
59
177
36
-110
203
-5
174
89
-22
-127
223
-177
-149
-112
2
12
-28
24
36
-4
62
-5
-126
-74
-2
36
27
214
28
-97
-158
-111
-12
-6
-2
-119
-137
237
-12
24
26
-46
-9
51
-138
52
-194
-105
7
39
195
95
-3
-153
-147
222
6
-135
11
133
-69
98
-37
-30
-33
32
16
102
28
-55
-2
-20
10
-169
87
-128
-13
-107
-55
0
-164
-7
-92
87
-189
19
56
7
177
187
-113
-34
4
-118
187
46
-35
-180
-9
52
184
67
-11
27
-89
130
-140
-68
-149
-95
160
-36
84
2
-48
-16
15
-176
3
149
-36
45
-10
-198
-60
-16
-191
-3
196
68
4
-54
-190
43
24
40
66
-8
68
-1
-148
-21
30
195
191
-64
2
76
7
2
-113
-9
-150
6
121
197
33
-139
219
122
163
62
157
-13
-171
-82
-200
-106
13
51
168
54
97
12
-120
12
92
199
70
38
37
210
-8
-143
-153
226
65
207
-29
-1
41
-3
42
-141
-180
-152
206
3
124
38
-79
-27
-166
11
-72
164
-31
38
-55
22
-146
31
-163
-17
103
11
53
-10
-149
-2
-178
218
11
56
101
-112
-71
-153
28
-153
-18
-20
21
191
-27
48
95
-8
-112
175
-141
-46
-192
-83
196
11
-56
75
136
9
123
-61
-134
189
-142
13
-162
1
76
-29
14
-130
205
-160
176
79
-28
-68
7
89
-186
-99
55
130
59
125
137
182
-45
58
-132
34
-147
201
27
167
68
103
-14
9
-46
42
-73
3
23
41
-28
33
-168
25
48
-12
4
10
-106
1
-106
21
52
-52
8
-32
184
-101
38
-130
42
-3
-188
-9
179
67
190
-18
-189
13
-19
164
28
193
-4
-34
-66
54
-156
205
-14
21
-26
50
-48
-172
-6
-15
132
-189
19
-95
15
-41
-146
25
-4
-160
73
-23
-162
-83
13
4
-176
-57
220
-26
92
-43
20
-16
-143
28
-166
4
197
-73
-14
-136
222
-53
59
-57
188
78
37
44
-11
-60
46
-36
-24
7
197
-130
43
-58
4
45
6
174
-63
-31
-114
-8
38
-36
-186
90
-67
39
51
-168
-6
161
92
163
3
-5
-44
61
-60
39
168
-24
-57
-13
-82
-3
156
21
54
-15
-105
172
-27
-97
0
-108
40
32
160
-127
119
28
-40
-139
-56
-120
39
-62
-30
128
159
-101
101
-142
19
-132
6
-3
-3
81
-63
-170
-101
-165
-21
18
-45
162
75
-49
-89
60
183
-16
169
-171
35
85
-33
-139
-23
-162
2
151
-87
21
-42
-88
-169
24
-170
-18
-37
64
148
-45
58
-109
-160
-14
165
172
102
-108
31
-94
-145
-57
184
36
-1
-38
67
-54
-159
192
-21
15
-131
-159
45
171
12
-17
-136
51
-151
-3
199
-76
162
-55
-117
216
-2
57
174
-104
184
63
-127
-124
-60
-23
-27
18
2
-36
35
-62
74
-57
-172
-8
188
8
-99
20
59
8
-85
-158
-37
49
152
-15
71
-27
7
17
-131
-15
197
69
61
39
43
-3
7
59
-7
156
76
-46
-120
-123
100
-40
157
-26
37
23
-36
-138
-42
34
-144
172
0
185
24
-56
173
-11
-86
213
-16
152
27
13
18
-52
-17
-44
-169
24
84
-26
62
126
-98
-167
58
3
171
14
61
23
-43
170
-86
196
-31
62
27
-81
53
141
2
-149
41
44
-33
176
-8
27
-20
-8
-149
28
177
27
134
-104
28
-86
-5
-143
61
-122
-21
69
-57
27
28
-92
56
-43
-22
20
109
-104
32
-95
207
-20
128
-71
4
-176
-78
61
-130
153
-63
13
95
-138
179
200
31
